Depth	SelDepth	Score	Time	Nodes	NPS	Move
4	16	-236	10	7714	771000	Rad1
4	17	-236	12	9520	793000	Rad1
4	18	-236	15	11286	752000	Rad1
4	18	-236	16	11794	737000	Rad1
4	18	-236	20	14040	702000	Rad1
5	18	-237	21	14505	690000	Rad1
5	18	-237	22	15311	695000	Rad1
5	18	-237	27	18737	693000	Rad1
5	20	-237	30	21208	706000	Rad1
5	21	-237	40	26766	669000	Rad1
6	22	-232	50	28989	579000	Rad1
6	22	-232	59	31529	534000	Rad1
6	24	-232	71	38471	541000	Rad1
6	24	-232	80	39569	494000	Rad1
6	24	-232	90	46185	513000	Rad1
6	24	-232	99	47057	475000	Rad1
7	24	-253	108	49218	455000	Rad1
7	24	-253	118	50947	431000	Rad1
7	24	-253	126	51754	410000	Rad1
7	24	-253	135	53720	397000	Rad1
7	24	-253	150	74490	496000	Rad1
7	24	-253	160	83884	524000	Rad1
7	24	-253	170	88640	521000	Rad1
8	24	-242	178	90131	506000	Rad1
8	24	-242	186	91243	490000	Rad1
8	27	-242	205	134432	655000	Rad1
8	27	-242	215	143948	669000	Rad1
9	27	-233	225	152356	677000	Rad1
9	27	-233	239	180938	757000	Rad1
9	27	-233	250	188133	752000	Rad1
9	27	-233	280	287615	1027000	Rad1
9	28	-233	295	322957	1094000	Rad1
10	32	-227	317	384048	1211000	Rad1
10	32	-227	329	400826	1218000	Rad1
10	32	-227	341	422747	1239000	Rad1
10	32	-227	381	577187	1514000	Rad1
10	32	-227	400	641761	1604000	Rad1
11	32	-221	416	684820	1646000	Rad1
11	32	-221	428	712228	1664000	Rad1
11	32	-221	449	775173	1726000	Rad1
11	40	-221	575	1500423	2609000	Rad1
11	40	-221	610	1672554	2741000	Rad1
12	40	-226	626	1731376	2765000	Rad1
12	40	-226	677	2000377	2954000	Rad1
12	40	-226	718	2115668	2946000	Rad1
12	40	-226	829	2640264	3184000	Rad1
12	40	-226	876	2901388	3312000	Rad1
13	40	-226	898	2996870	3337000	Rad1
13	40	-226	918	3063812	3337000	Rad1
13	40	-226	1004	3249843	3236000	Rad1
13	40	-226	1069	3627895	3393000	Rad1
13	55	-226	2638	14146968	5362000	Rad1
13	55	-226	2670	14305337	5357000	Rad1
13	55	-226	2703	14457763	5348000	Rad1
14	55	-267	2836	15206153	5361000	Rad1
3	14	-195	4	3939	984000	Raf1
3	14	-195	5	4718	943000	Raf1
3	14	-195	6	4960	826000	Raf1
3	16	-195	7	5747	821000	Raf1
4	16	-242	9	6538	726000	Raf1
6	22	-274	59	31529	534000	Raf1
6	24	-274	71	38471	541000	Raf1
14	55	-229	3176	17410248	5481000	Raf1
14	55	-229	3259	17941395	5505000	Raf1
14	55	-229	3414	19007563	5567000	Raf1
14	55	-229	3450	19196371	5564000	Raf1
15	55	-219	3570	20061200	5619000	Raf1
15	55	-219	3665	20707677	5650000	Raf1
15	55	-219	4271	25102852	5877000	Raf1
15	55	-219	4606	27366436	5941000	Raf1
15	55	-219	4648	27626760	5943000	Raf1
16	55	-231	4897	29420719	6007000	Raf1
16	55	-231	5030	30211891	6006000	Raf1
16	55	-231	5313	31655119	5958000	Raf1
16	55	-231	5763	34970994	6068000	Raf1
16	59	-231	7171	44994260	6274000	Raf1
16	59	-231	7629	48614340	6372000	Raf1
17	59	-222	7871	50419708	6405000	Raf1
17	59	-222	8495	54820253	6453000	Raf1
17	59	-222	9357	61355629	6557000	Raf1
17	59	-222	9440	61954794	6563000	Raf1
17	59	-222	9922	65282457	6579000	Raf1
17	59	-222	10618	70406783	6630000	Raf1
18	59	-247	11682	78506924	6720000	Raf1
6	24	-123	71	38471	541000	b5
6	24	-123	80	39569	494000	b5
7	24	-111	90	46185	513000	b5
7	24	-111	99	47057	475000	b5
7	24	-111	108	49218	455000	b5
7	24	-111	118	50947	431000	b5
7	24	-111	126	51754	410000	b5
7	24	-111	135	53720	397000	b5
8	24	-206	150	74490	496000	b5
8	24	-206	160	83884	524000	b5
8	24	-206	170	88640	521000	b5
8	24	-206	178	90131	506000	b5
8	24	-206	186	91243	490000	b5
8	27	-206	205	134432	655000	b5
9	27	-199	215	143948	669000	b5
9	27	-199	225	152356	677000	b5
9	27	-199	239	180938	757000	b5
9	27	-199	250	188133	752000	b5
10	27	-208	280	287615	1027000	b5
10	28	-208	295	322957	1094000	b5
10	32	-208	317	384048	1211000	b5
10	32	-208	329	400826	1218000	b5
10	32	-208	341	422747	1239000	b5
10	32	-208	381	577187	1514000	b5
11	32	-199	400	641761	1604000	b5
11	32	-199	416	684820	1646000	b5
11	32	-199	428	712228	1664000	b5
11	32	-199	449	775173	1726000	b5
11	40	-199	575	1500423	2609000	b5
12	40	-197	610	1672554	2741000	b5
12	40	-197	626	1731376	2765000	b5
12	40	-197	677	2000377	2954000	b5
12	40	-197	718	2115668	2946000	b5
12	40	-197	829	2640264	3184000	b5
13	40	-197	876	2901388	3312000	b5
13	40	-197	898	2996870	3337000	b5
13	40	-197	918	3063812	3337000	b5
13	40	-197	1004	3249843	3236000	b5
13	40	-197	1069	3627895	3393000	b5
14	55	-215	2638	14146968	5362000	b5
14	55	-215	2670	14305337	5357000	b5
14	55	-215	2703	14457763	5348000	b5
14	55	-215	2836	15206153	5361000	b5
14	55	-215	3176	17410248	5481000	b5
14	55	-215	3259	17941395	5505000	b5
15	55	-215	3414	19007563	5567000	b5
15	55	-215	3450	19196371	5564000	b5
15	55	-215	3570	20061200	5619000	b5
15	55	-215	3665	20707677	5650000	b5
15	55	-215	4271	25102852	5877000	b5
16	55	-214	4606	27366436	5941000	b5
16	55	-214	4648	27626760	5943000	b5
16	55	-214	4897	29420719	6007000	b5
16	55	-214	5030	30211891	6006000	b5
16	55	-214	5313	31655119	5958000	b5
16	55	-214	5763	34970994	6068000	b5
17	59	-230	7171	44994260	6274000	b5
17	59	-230	7629	48614340	6372000	b5
17	59	-230	7871	50419708	6405000	b5
18	59	-238	12697	86108920	6781000	b5
18	61	-238	16485	115198140	6988000	b5
18	61	-238	16745	117353960	7008000	b5
18	61	-238	17301	121745750	7036000	b5
18	61	-238	17772	125237188	7046000	b5
19	65	-245	23292	167569010	7194000	b5
19	65	-245	26076	188754453	7238000	b5
19	65	-245	26353	191124458	7252000	b5
19	65	-245	27101	196779680	7260000	b5
19	65	-245	29946	219416675	7327000	b5
19	65	-245	30000	219741599	7324000	b5
3	14	-190	4	3939	984000	Nxd5
3	14	-190	5	4718	943000	Nxd5
3	14	-190	6	4960	826000	Nxd5
4	16	-206	7	5747	821000	Nxd5
4	16	-206	9	6538	726000	Nxd5
4	16	-206	10	7714	771000	Nxd5
4	17	-206	12	9520	793000	Nxd5
4	18	-206	15	11286	752000	Nxd5
4	18	-206	16	11794	737000	Nxd5
5	18	-211	20	14040	702000	Nxd5
5	18	-211	21	14505	690000	Nxd5
5	18	-211	22	15311	695000	Nxd5
5	18	-211	27	18737	693000	Nxd5
5	20	-211	30	21208	706000	Nxd5
6	21	-240	40	26766	669000	Nxd5
6	22	-240	50	28989	579000	Nxd5
6	22	-240	59	31529	534000	Nxd5
6	24	-240	71	38471	541000	Nxd5
6	24	-240	80	39569	494000	Nxd5
6	24	-240	90	46185	513000	Nxd5
6	24	-240	99	47057	475000	Nxd5
6	24	-240	108	49218	455000	Nxd5
7	24	-271	118	50947	431000	Nxd5
7	24	-271	126	51754	410000	Nxd5
3	14	-155	4	3939	984000	Nxe4
3	14	-155	5	4718	943000	Nxe4
4	14	-176	6	4960	826000	Nxe4
4	16	-176	7	5747	821000	Nxe4
4	16	-176	9	6538	726000	Nxe4
4	16	-176	10	7714	771000	Nxe4
4	17	-176	12	9520	793000	Nxe4
4	18	-176	15	11286	752000	Nxe4
5	18	-176	16	11794	737000	Nxe4
5	18	-176	20	14040	702000	Nxe4
5	18	-176	21	14505	690000	Nxe4
5	18	-176	22	15311	695000	Nxe4
6	18	-279	27	18737	693000	Nxe4
6	20	-279	30	21208	706000	Nxe4
6	21	-279	40	26766	669000	Nxe4
6	22	-279	50	28989	579000	Nxe4
6	22	-279	59	31529	534000	Nxe4
3	14	-146	4	3939	984000	Nc4
4	14	-164	5	4718	943000	Nc4
4	14	-164	6	4960	826000	Nc4
4	16	-164	7	5747	821000	Nc4
4	16	-164	9	6538	726000	Nc4
4	16	-164	10	7714	771000	Nc4
4	17	-164	12	9520	793000	Nc4
5	18	-205	15	11286	752000	Nc4
5	18	-205	16	11794	737000	Nc4
5	18	-205	20	14040	702000	Nc4
5	18	-205	21	14505	690000	Nc4
5	18	-205	22	15311	695000	Nc4
5	18	-205	27	18737	693000	Nc4
6	20	-315	30	21208	706000	Nc4
6	21	-315	40	26766	669000	Nc4
6	22	-315	50	28989	579000	Nc4
17	59	-212	8495	54820253	6453000	Nd7
17	59	-212	9357	61355629	6557000	Nd7
17	59	-212	9440	61954794	6563000	Nd7
17	59	-212	9922	65282457	6579000	Nd7
18	59	-215	10618	70406783	6630000	Nd7
18	59	-215	11682	78506924	6720000	Nd7
18	59	-215	12697	86108920	6781000	Nd7
18	61	-215	16485	115198140	6988000	Nd7
18	61	-215	16745	117353960	7008000	Nd7
19	61	-215	17301	121745750	7036000	Nd7
19	61	-215	17772	125237188	7046000	Nd7
19	65	-215	23292	167569010	7194000	Nd7
19	65	-215	26076	188754453	7238000	Nd7
19	65	-215	26353	191124458	7252000	Nd7
19	65	-215	27101	196779680	7260000	Nd7
20	65	-199	29946	219416675	7327000	Nd7
20	65	-199	30000	219741599	7324000	Nd7
7	24	-263	135	53720	397000	Nf7
7	24	-263	150	74490	496000	Nf7
7	24	-263	160	83884	524000	Nf7
7	24	-263	170	88640	521000	Nf7
7	24	-263	178	90131	506000	Nf7
8	24	-259	186	91243	490000	Nf7
8	27	-259	205	134432	655000	Nf7
8	27	-259	215	143948	669000	Nf7
8	27	-259	225	152356	677000	Nf7
9	27	-248	239	180938	757000	Nf7
9	27	-248	250	188133	752000	Nf7
9	27	-248	280	287615	1027000	Nf7
9	28	-248	295	322957	1094000	Nf7
9	32	-248	317	384048	1211000	Nf7
9	32	-248	329	400826	1218000	Nf7
10	32	-229	341	422747	1239000	Nf7
10	32	-229	381	577187	1514000	Nf7
10	32	-229	400	641761	1604000	Nf7
10	32	-229	416	684820	1646000	Nf7
11	32	-226	428	712228	1664000	Nf7
11	32	-226	449	775173	1726000	Nf7
11	40	-226	575	1500423	2609000	Nf7
11	40	-226	610	1672554	2741000	Nf7
11	40	-226	626	1731376	2765000	Nf7
12	40	-231	677	2000377	2954000	Nf7
12	40	-231	718	2115668	2946000	Nf7
12	40	-231	829	2640264	3184000	Nf7
12	40	-231	876	2901388	3312000	Nf7
12	40	-231	898	2996870	3337000	Nf7
13	40	-222	918	3063812	3337000	Nf7
13	40	-222	1004	3249843	3236000	Nf7
13	40	-222	1069	3627895	3393000	Nf7
13	55	-222	2638	14146968	5362000	Nf7
14	55	-215	2670	14305337	5357000	Nf7
14	55	-215	2703	14457763	5348000	Nf7
14	55	-215	2836	15206153	5361000	Nf7
14	55	-215	3176	17410248	5481000	Nf7
14	55	-215	3259	17941395	5505000	Nf7
14	55	-215	3414	19007563	5567000	Nf7
15	55	-215	3450	19196371	5564000	Nf7
15	55	-215	3570	20061200	5619000	Nf7
15	55	-215	3665	20707677	5650000	Nf7
15	55	-215	4271	25102852	5877000	Nf7
15	55	-215	4606	27366436	5941000	Nf7
16	55	-215	4648	27626760	5943000	Nf7
16	55	-215	4897	29420719	6007000	Nf7
16	55	-215	5030	30211891	6006000	Nf7
16	55	-215	5313	31655119	5958000	Nf7
16	55	-215	5763	34970994	6068000	Nf7
16	59	-215	7171	44994260	6274000	Nf7
17	59	-183	7629	48614340	6372000	Nf7
17	59	-183	7871	50419708	6405000	Nf7
17	59	-183	8495	54820253	6453000	Nf7
17	59	-183	9357	61355629	6557000	Nf7
18	59	-183	9440	61954794	6563000	Nf7
18	59	-183	9922	65282457	6579000	Nf7
18	59	-183	10618	70406783	6630000	Nf7
18	59	-183	11682	78506924	6720000	Nf7
18	59	-183	12697	86108920	6781000	Nf7
18	61	-183	16485	115198140	6988000	Nf7
19	61	-183	16745	117353960	7008000	Nf7
19	61	-183	17301	121745750	7036000	Nf7
19	61	-183	17772	125237188	7046000	Nf7
19	65	-183	23292	167569010	7194000	Nf7
19	65	-183	26076	188754453	7238000	Nf7
20	65	-183	26353	191124458	7252000	Nf7
20	65	-183	27101	196779680	7260000	Nf7
20	65	-183	29946	219416675	7327000	Nf7
20	65	-183	30000	219741599	7324000	Nf7
4	14	-113	4	3939	984000	Nxg4
4	14	-113	5	4718	943000	Nxg4
4	14	-113	6	4960	826000	Nxg4
4	16	-113	7	5747	821000	Nxg4
4	16	-113	9	6538	726000	Nxg4
4	16	-113	10	7714	771000	Nxg4
5	17	-137	12	9520	793000	Nxg4
5	18	-137	15	11286	752000	Nxg4
5	18	-137	16	11794	737000	Nxg4
5	18	-137	20	14040	702000	Nxg4
5	18	-137	21	14505	690000	Nxg4
6	18	-137	22	15311	695000	Nxg4
6	18	-137	27	18737	693000	Nxg4
6	20	-137	30	21208	706000	Nxg4
6	21	-137	40	26766	669000	Nxg4
6	22	-137	50	28989	579000	Nxg4
6	22	-137	59	31529	534000	Nxg4
6	24	-137	71	38471	541000	Nxg4
6	24	-137	80	39569	494000	Nxg4
6	24	-137	90	46185	513000	Nxg4
7	24	-130	99	47057	475000	Nxg4
7	24	-130	108	49218	455000	Nxg4
7	24	-130	118	50947	431000	Nxg4
7	24	-130	126	51754	410000	Nxg4
7	24	-130	135	53720	397000	Nxg4
7	24	-130	150	74490	496000	Nxg4
8	24	-180	160	83884	524000	Nxg4
8	24	-180	170	88640	521000	Nxg4
8	24	-180	178	90131	506000	Nxg4
8	24	-180	186	91243	490000	Nxg4
9	27	-212	205	134432	655000	Nxg4
9	27	-212	215	143948	669000	Nxg4
9	27	-212	225	152356	677000	Nxg4
9	27	-212	239	180938	757000	Nxg4
9	27	-212	250	188133	752000	Nxg4
9	27	-212	280	287615	1027000	Nxg4
10	28	-192	295	322957	1094000	Nxg4
10	32	-192	317	384048	1211000	Nxg4
10	32	-192	329	400826	1218000	Nxg4
10	32	-192	341	422747	1239000	Nxg4
11	32	-180	381	577187	1514000	Nxg4
11	32	-180	400	641761	1604000	Nxg4
11	32	-180	416	684820	1646000	Nxg4
11	32	-180	428	712228	1664000	Nxg4
11	32	-180	449	775173	1726000	Nxg4
12	40	-148	575	1500423	2609000	Nxg4
12	40	-148	610	1672554	2741000	Nxg4
12	40	-148	626	1731376	2765000	Nxg4
12	40	-148	677	2000377	2954000	Nxg4
12	40	-148	718	2115668	2946000	Nxg4
13	40	-148	829	2640264	3184000	Nxg4
13	40	-148	876	2901388	3312000	Nxg4
13	40	-148	898	2996870	3337000	Nxg4
13	40	-148	918	3063812	3337000	Nxg4
13	40	-148	1004	3249843	3236000	Nxg4
14	40	-148	1069	3627895	3393000	Nxg4
14	55	-148	2638	14146968	5362000	Nxg4
14	55	-148	2670	14305337	5357000	Nxg4
14	55	-148	2703	14457763	5348000	Nxg4
14	55	-148	2836	15206153	5361000	Nxg4
14	55	-148	3176	17410248	5481000	Nxg4
15	55	-148	3259	17941395	5505000	Nxg4
15	55	-148	3414	19007563	5567000	Nxg4
15	55	-148	3450	19196371	5564000	Nxg4
15	55	-148	3570	20061200	5619000	Nxg4
15	55	-148	3665	20707677	5650000	Nxg4
16	55	-143	4271	25102852	5877000	Nxg4
16	55	-143	4606	27366436	5941000	Nxg4
16	55	-143	4648	27626760	5943000	Nxg4
16	55	-143	4897	29420719	6007000	Nxg4
16	55	-143	5030	30211891	6006000	Nxg4
17	55	-143	5313	31655119	5958000	Nxg4
17	55	-143	5763	34970994	6068000	Nxg4
17	59	-143	7171	44994260	6274000	Nxg4
17	59	-143	7629	48614340	6372000	Nxg4
17	59	-143	7871	50419708	6405000	Nxg4
17	59	-143	8495	54820253	6453000	Nxg4
18	59	-134	9357	61355629	6557000	Nxg4
18	59	-134	9440	61954794	6563000	Nxg4
18	59	-134	9922	65282457	6579000	Nxg4
18	59	-134	10618	70406783	6630000	Nxg4
18	59	-134	11682	78506924	6720000	Nxg4
18	59	-134	12697	86108920	6781000	Nxg4
19	61	-123	16485	115198140	6988000	Nxg4
19	61	-123	16745	117353960	7008000	Nxg4
19	61	-123	17301	121745750	7036000	Nxg4
19	61	-123	17772	125237188	7046000	Nxg4
19	65	-123	23292	167569010	7194000	Nxg4
20	65	-118	26076	188754453	7238000	Nxg4
20	65	-118	26353	191124458	7252000	Nxg4
20	65	-118	27101	196779680	7260000	Nxg4
20	65	-118	29946	219416675	7327000	Nxg4
20	65	-118	30000	219741599	7324000	Nxg4
6	24	-249	80	39569	494000	Ng6
6	24	-249	90	46185	513000	Ng6
6	24	-249	99	47057	475000	Ng6
6	24	-249	108	49218	455000	Ng6
6	24	-249	118	50947	431000	Ng6
7	24	-244	126	51754	410000	Ng6
7	24	-244	135	53720	397000	Ng6
7	24	-244	150	74490	496000	Ng6
7	24	-244	160	83884	524000	Ng6
8	24	-262	170	88640	521000	Ng6
8	24	-262	178	90131	506000	Ng6
8	24	-262	186	91243	490000	Ng6
8	27	-262	205	134432	655000	Ng6
8	27	-262	215	143948	669000	Ng6
8	27	-262	225	152356	677000	Ng6
8	27	-262	239	180938	757000	Ng6
9	27	-236	250	188133	752000	Ng6
9	27	-236	280	287615	1027000	Ng6
9	28	-236	295	322957	1094000	Ng6
9	32	-236	317	384048	1211000	Ng6
10	32	-240	329	400826	1218000	Ng6
10	32	-240	341	422747	1239000	Ng6
10	32	-240	381	577187	1514000	Ng6
10	32	-240	400	641761	1604000	Ng6
10	32	-240	416	684820	1646000	Ng6
10	32	-240	428	712228	1664000	Ng6
11	32	-251	449	775173	1726000	Ng6
11	40	-251	575	1500423	2609000	Ng6
11	40	-251	610	1672554	2741000	Ng6
11	40	-251	626	1731376	2765000	Ng6
11	40	-251	677	2000377	2954000	Ng6
12	40	-243	718	2115668	2946000	Ng6
12	40	-243	829	2640264	3184000	Ng6
12	40	-243	876	2901388	3312000	Ng6
12	40	-243	898	2996870	3337000	Ng6
12	40	-243	918	3063812	3337000	Ng6
13	40	-226	1004	3249843	3236000	Ng6
13	40	-226	1069	3627895	3393000	Ng6
13	55	-226	2638	14146968	5362000	Ng6
13	55	-226	2670	14305337	5357000	Ng6
14	55	-234	2703	14457763	5348000	Ng6
14	55	-234	2836	15206153	5361000	Ng6
14	55	-234	3176	17410248	5481000	Ng6
14	55	-234	3259	17941395	5505000	Ng6
14	55	-234	3414	19007563	5567000	Ng6
14	55	-234	3450	19196371	5564000	Ng6
14	55	-234	3570	20061200	5619000	Ng6
15	55	-227	3665	20707677	5650000	Ng6
15	55	-227	4271	25102852	5877000	Ng6
15	55	-227	4606	27366436	5941000	Ng6
15	55	-227	4648	27626760	5943000	Ng6
15	55	-227	4897	29420719	6007000	Ng6
16	55	-205	5030	30211891	6006000	Ng6
16	55	-205	5313	31655119	5958000	Ng6
17	55	-199	5763	34970994	6068000	Ng6
17	59	-199	7171	44994260	6274000	Ng6
17	59	-199	7629	48614340	6372000	Ng6
17	59	-199	7871	50419708	6405000	Ng6
17	59	-199	8495	54820253	6453000	Ng6
17	59	-199	9357	61355629	6557000	Ng6
17	59	-199	9440	61954794	6563000	Ng6
18	59	-226	9922	65282457	6579000	Ng6
18	59	-226	10618	70406783	6630000	Ng6
18	59	-226	11682	78506924	6720000	Ng6
18	59	-226	12697	86108920	6781000	Ng6
18	61	-226	16485	115198140	6988000	Ng6
18	61	-226	16745	117353960	7008000	Ng6
18	61	-226	17301	121745750	7036000	Ng6
19	61	-210	17772	125237188	7046000	Ng6
19	65	-210	23292	167569010	7194000	Ng6
19	65	-210	26076	188754453	7238000	Ng6
19	65	-210	26353	191124458	7252000	Ng6
20	65	-209	27101	196779680	7260000	Ng6
20	65	-209	29946	219416675	7327000	Ng6
20	65	-209	30000	219741599	7324000	Ng6
